%YAML:1.0
box: [ 100, 84, 103, 137 ]
