%YAML:1.0
box: [ 152, 100, 90, 117 ]
